"cytof_barcode_id","B cells","Basophils","CD4 T","CD8 T","DP T","gdT","mDC","Monocytes","Neutrophils","NK cells","NKT","pDC","Platelets","Treg"
8310,10.3540124363837,0.141343745189415,30.444416455584,12.081858087148,0.87325244552668,0.549514626511982,1.059844848417,4.71938835010333,36.6168931431957,1.24177244123506,0.48980505758708,0.16513427655793,0.0648408600043849,1.19792322655583
8312,3.64638157894737,0.0904605263157895,21.1036184210526,7.32894736842105,0.360197368421053,0.320723684210526,0.970394736842105,9.45559210526316,50.03125,2.74671052631579,0.805921052631579,0.108552631578947,2.80921052631579,0.222039473684211
8315,2.32801464818206,0.0261574679571017,2.35417211613916,2.79884907140989,1.96181009678263,NA,0.209259743656814,0.627779230970442,84.4363065655245,4.08056500130787,0.0261574679571017,0.470834423227832,0.0523149359142035,0.627779230970442
8316,2.7448343796174,0.0453433192873281,5.73280276437891,2.2702930898345,0.469850601580762,0.992080554752058,0.283004854862289,4.34826796338136,79.7729706910166,2.28827406127602,0.366655461133739,0.229843721904732,0.0961591081438165,0.359619428830533
8320,3.34759461643884,0.00439259233229082,6.46633517236532,3.68143163369294,0.106739993674667,0.309677759426503,0.0931229574445655,7.50694029588502,76.3898162139368,1.29932881189163,0.166479249393822,0.0333837017254103,0.222265172013916,0.372491829778262
8321,3.89056112134418,0.0539107776629678,3.14479536367312,0.867065007412732,1.52747203378409,0.00898512961049463,0.539107776629678,0.55258547104542,85.8574059930814,2.08005750482951,0.0673884720787097,0.381868008446022,0.422301091693248,0.606496248708388
8322,2.31418772875299,0.0835758955589498,7.80137756131301,4.18455863281363,0.00288192743306724,0.700308366235338,0.314130090204329,5.72062595463846,76.1145854347388,1.67439983861206,0.412115622928615,0.311248162771261,0.048992766362143,0.317012017637396
8324,3.36440431109816,0.0509758228954267,4.3620739877658,0.859306728808622,3.33527526944364,0.036411302068162,0.575298572676959,0.757355083017769,79.8645499563064,2.86921060297116,0.167491989513545,0.473346926886105,2.52694436353044,0.757355083017769
8327,2.12400599285467,0.00921977642042181,3.90572778610119,1.53739771810534,0.617725020168261,0.648841765587185,0.221274634090123,6.95632130920825,67.3297222542353,6.31669932004149,0.479428373861934,0.0610810187852945,9.62659905497292,0.165955975567593
8328,5.42809839167455,0.218779564806055,22.4101229895932,8.82213812677389,0.0473036896877956,0.609035004730369,1.90397350993377,12.5532166508988,44.8557237464522,1.54919583727531,0.455298013245033,0.112346263008515,0.473036896877956,0.561731315042573
8333,5.41803849943525,0.0937252168897647,4.47958472519286,1.97904400278772,0.0204272908605897,1.08264641561126,0.504674244791041,8.22979500612819,75.4127514359184,0.916824878037058,0.390521737040686,0.515488692893706,0.698132705294273,0.258345149119223
8335,3.31860628577166,0.0803293503363792,2.66593031428858,8.47976704488402,0.517120192790441,0.0050205843960237,2.55547745757606,2.34461291294307,63.6258660508083,14.4442213073602,0.0401646751681896,0.507079023998393,0.657696555879104,0.758108243799578
8337,2.4565570696337,0.118764845605701,8.17524065508188,4.28881735216902,1.02512814101763,1.32516564570571,1.08451056382048,14.7237154644331,61.1060757594699,2.4151456432054,0.564133016627078,0.280503812976622,2.05728841105138,0.3789536192024
8340,3.55756207674944,0.0872836719337848,19.0519187358916,7.62979683972912,0.0421369450714823,0.91497366440933,0.258841234010534,8.10534236267871,56.1986455981941,1.59217456734387,0.565838976674191,0.231753197893153,0.613995485327314,1.1497366440933
8343,1.62007623888183,0.0158831003811944,2.58100381194409,0.810038119440915,0.667090216010165,NA,0.0873570520965693,0.150889453621347,90.3271918678526,2.59688691232529,0.0714739517153748,0.412960609911055,0.214421855146125,0.444726810673443
8344,2.93147588624674,0.0415157875314251,4.48370505339392,1.99737066678968,0.193740341813317,0.415157875314251,0.34596489609521,12.3809304149272,74.4124362847983,1.45305256359988,0.560463131674239,0.230643264063473,0.364416357220287,0.189127476532048
8346,6.57638670911618,0.534505179139949,32.675664768396,16.0297744495763,1.09143087753912,2.16044123581902,1.67077709519752,7.44092193175194,25.8598269135913,3.52719608986144,0.365902874310569,0.385632931258688,0.207165597955249,1.4743733464867
8348,1.95482509847892,0.497189477877281,15.4910668181349,7.66438972573435,0.749472566058335,0.516368893937829,1.66418317817678,10.9204644369366,52.9027308537791,4.18553872029035,2.26612177453859,0.171139404847966,0.256709107271949,0.759799943937091
7531,1.76158922449422,0.116535902543464,10.9990921040151,5.92210162111378,0.398390178462539,1.4277906509298,0.359093188069976,6.64661165088012,70.1699707756865,0.738060716108604,0.59577850951484,0.0722703271587373,0.421878034789129,0.370837116233271
7533,8.66813428728674,0.289797743533297,40.7901073197578,8.1392749036874,0.33623417721519,1.56078013208586,1.84541827187672,11.819792239956,22.3342047330765,1.87637589433132,0.673328288387452,0.187465602641717,0.637211062190424,0.841875343973583
7545,1.77462289263531,0.0295770482105886,1.02040816326531,1.87814256137238,0.295770482105886,NA,0.695060632948832,1.21265897663413,75.3623188405797,15.276545400769,NA,0.902099970422952,1.21265897663413,0.340136054421769
7543,5.66869186918692,0.0831333133313331,22.6097609760976,8.32770777077708,0.277527752775278,0.701320132013201,0.913841384138414,9.32343234323432,44.0925342534253,6.50940094009401,0.578807880788079,0.0775077507750775,0.366911691169117,0.469421942194219
7511,2.84784534216506,0.67489505911349,19.373628066392,6.52559017214156,0.544922401509608,1.48746485924443,1.11872761582008,4.75796202872877,58.7235722262872,1.72622944506489,0.686448184233835,0.307120576115839,0.0317710940809489,1.19382292910232
7513,12.2349801077706,0.591730875761696,31.9308052575918,7.22667069547263,0.370146547816891,0.387772573903409,1.02230951301808,4.88744523341895,33.5549176612781,5.76874653774488,0.231656342851387,0.48849272296923,0.0982021453391751,1.2061237850632
7519,1.3011746960551,0.0745372965263859,8.26630356634553,1.62954963626386,0.199842121789247,1.12598270382576,0.114447030099569,9.17072855805546,74.0305016007912,0.734515170100567,1.44643438810455,0.257945998609028,1.36045238856821,0.287584844865583
17,3.99960148447035,0.293407058706319,9.71879747938928,4.28354379934743,0.124037958604199,0.906622829958405,0.997285112954245,3.99711076241002,73.7333432962216,1.06005130887444,0.140476724202346,0.21270766395178,0.0976363047647513,0.43537821614486
18,3.15543196067767,0.0564386204348852,9.25593375132118,8.00197022093155,0.400714205087685,0.788601450985624,0.623903294989277,14.2327939169429,58.5596864065017,3.17698125211645,1.08156919887944,0.166750469466706,0.185734369067531,0.313490882597408
25,1.17780294450736,0.0407701019252548,0.892412231030578,6.08833522083805,0.199320498301246,NA,0.684031710079275,0.964892412231031,84.5254813137033,3.84144960362401,0.0453001132502831,0.552661381653454,0.638731596828992,0.34881087202718
75,1.01934649344806,0.143880171718876,3.51217591811484,2.33254597604184,0.781264645782952,0.753613407569878,0.584893987964681,8.00854845059333,80.5405582738129,1.19978253941473,0.522561535721651,0.270888401477232,0.0468665054458879,0.283073692893163
86,0.756735841896527,0.0357161459302196,7.2265668598811,3.57459093851614,0.185277507013014,0.388413086991138,1.19128228404753,9.08083010275833,73.9458156302784,2.17794081536985,0.965824112863021,0.152537706576979,0.189742025254292,0.1287269426235
66,1.79691653375864,NA,0.606060606060606,1.71185539606592,0.212652844231792,NA,0.691121743753323,2.28601807549176,81.424774056353,8.22966507177034,0.0425305688463583,1.27591706539075,1.48856990962254,0.233918128654971
61,9.29876883077158,0.0229410415232852,4.06056434962147,0.69587825953965,0.168234304504091,NA,1.00175881318345,0.955876730136882,77.2195457673778,4.59585531849813,0.0994111799342357,0.779995411791695,0.137646249139711,0.963523743977977
118,3.78112832841203,0.0679401081815569,6.70255298021898,2.21850584023622,0.31618281115263,0.326635135488254,0.459902270767462,2.82735373278633,81.8521518722726,0.749954271081032,0.185528756957328,0.135880216363114,0.141106378530926,0.235177297551543
134,2.88741171582883,0.0276969948760559,3.34441213128376,2.58966902091123,0.0553939897521119,1.73798642847251,0.131560725661266,15.849605317823,68.7785625259659,3.21285140562249,0.941697825785902,0.0346212435950699,0.180030466694364,0.228500207727462
181,0.418136203323274,0.00272697523906483,0.509944369705123,0.587208668145293,0.0499945460495219,0.205432134676217,0.0381776533469076,0.689015743737047,96.6021888521252,0.723557430098535,0.129985819728757,0.00545395047812966,0.00545395047812966,0.032723702868778
194,0.820223451077757,0.0767407741789866,6.37128992213069,3.04976864913667,0.247376142647557,1.38359101681526,0.246021893691457,4.81661212052816,81.3077530752737,0.739871346349171,0.318248504683444,0.22751382462476,0.0379189707707934,0.357070308091638
244,10.3942597493995,0.0290684332114499,5.49240395942659,2.79362942337408,0.0520171962731209,0.0979147223964628,0.16829092911892,10.2106696449061,55.7073573734376,2.961920352493,0.172880681731255,0.179000351881034,11.3183299420161,0.422257240334746
248,1.47134412747366,0.289128758673863,5.64443587766641,4.70637368285788,0.0899511693652018,0.620020560267283,0.257003341043434,4.78347468517091,43.0576972500643,5.86931380107941,0.186327422256489,0.234515548702133,32.6169365201748,0.173477255204318
254,23.6115486333433,0.635160181976689,10.2013904660039,3.53477263902829,0.143588691657937,1.89742199690845,0.906953062614926,5.37138922059179,49.2824228393931,3.27909685643329,0.286444787950271,0.156775408238767,0.307690053552721,0.385345162306503
271,0.653635770562553,0.114166708485974,2.1252571887389,1.04506448537161,0.205750991117579,0.186932302905605,0.368846288954685,5.92537762834345,88.5318914036232,0.46043057158629,0.130476238269684,0.0589652230641843,0.0213278466402369,0.171877352336026
478,15.2922343831435,0.00148909239818331,5.68758841486114,2.88511652148016,0.171990171990172,0.529372347554166,0.190603826967463,11.1912739185466,57.1982726528181,1.40123594669049,0.188370188370188,0.0134018315836498,4.81125753853027,0.437793165065892
492,4.12724692526017,0.0310430463576159,6.27956480605487,3.30238883632923,0.356255912961211,0.628252128666036,0.31486518448439,8.10371333964049,66.322729422895,1.47380558183538,0.223214285714286,0.0591296121097446,8.52796830652791,0.249822611163671
521,0.897139917941602,0.0311008504886422,1.89316459128299,1.12282044841047,0.132776707855357,0.901127206465787,0.299844097018704,8.20225122310076,85.4930481624581,0.633978875345399,0.212522478339055,0.0370817832749196,0.0813406858933719,0.0618029721248659
559,7.58052147239264,0.577070552147239,9.0902990797546,4.81019938650307,0.427530674846626,1.14455521472393,2.48562116564417,6.56633435582822,27.8460506134969,8.44708588957055,0.480253067484663,1.07266104294479,28.7950536809816,0.676763803680982
577,2.52183077386329,0.132026961295254,11.4973478794617,3.81951682764691,0.224098394830102,0.411136589998379,0.603965441363815,3.16459361174808,74.9299330600144,1.57563755124731,0.0469043151969981,0.306904778449494,0.0538531026335904,0.712250712250712
594,2.50252496913927,0.224441701268096,7.21580069576927,3.71451015598698,0.639658848614073,0.718213444057906,2.55863539445629,25.6761306250701,49.6913926607564,2.36785994837841,0.123442935697453,0.718213444057906,3.54617888003591,0.302996296711929
605,1.07036370381566,0.090685499938169,10.0372360158837,2.46362274832026,0.15389054534962,0.704873658610313,0.504266340565273,4.75549265584853,75.4159853803982,3.45429313400844,0.309155113425576,0.372360158837027,0.295414886162217,0.372360158837027
681,0.584657854607044,0.00482192045036737,1.6840557172908,1.10663074335931,0.102465809570307,0.195287778239878,0.0433972840533063,1.53216522310423,93.7773116588009,0.718466147104738,0.122356231428072,0.00361644033777553,0.0705205865866228,0.0542466050666329
699,1.60096680952856,0.017442439948171,2.62633310076747,0.9119904315758,0.221768165055317,0.776188577693611,0.235472939300309,9.34416425794877,82.4092993122695,1.13998803946975,0.396192564537028,0.0361307684640686,0.211801056513505,0.0722615369281372
708,11.8633450585458,0.332482050787838,29.0849515732665,6.56772514817135,0.643280489567773,0.932395316339806,0.869753770539199,7.39893027514094,38.4161326073339,1.56603864501518,0.212017539632824,0.397532886811545,0.0216836120079025,1.69373102683949
711,0.849779789440987,0.00332811927979499,2.30361322816476,1.0394825883893,0.0504764757435573,0.191921545134844,0.0515858488368223,2.29307418377875,92.2338336605984,0.57077245648484,0.194694977868007,0.0138671636658124,0.0804295492617122,0.123140413352415
719,0.84465830771165,0.00114297470596976,2.19108251134402,1.21498211244585,0.0651495582402761,0.569201403572939,0.0651495582402761,6.49095335520225,86.1471465636465,1.26527299950852,0.686927798287824,0.00342892411790927,0.361180007086443,0.0937239258895201
721,2.02106976533888,0.0949495862910883,12.5860951605854,3.03085107986315,1.61715723952917,0.0663139967747284,1.40012961372097,23.5670901719642,49.9796536600805,1.32627993549457,0.241141806453558,0.281834486292595,3.43174933309219,0.355684164518997
752,0.38895177722436,0.000452796015395065,0.636631197645461,0.42381707040978,0.0407516413855558,0.130405252433779,0.0321485170930496,1.0002263980077,96.7638668779715,0.423364274394385,0.107765451664025,0.00226398007697532,0.028073352954494,0.021281412723568
767,0.444565414625295,0.00756063630315127,2.68553801487933,1.12653480916954,0.0695578539889917,0.609387286033993,0.071069981249622,2.22585132764773,90.8607028367507,1.06604971874433,0.567047722736346,0.0166333998669328,0.0801427448134035,0.169358253190589
860,2.45847593331031,0.150711168325536,3.51031429558228,3.22459103896512,0.734716945586989,0.907406825959999,0.737856761593771,5.94053188483155,72.6930201890169,4.75682125027473,0.270024176583252,0.21978712047474,4.24189142516249,0.153850984332318
888,2.34927299107832,0.0154354335813293,6.53639160724025,5.29641177620679,0.0956996882042417,0.697681597876084,0.260344313071754,3.15397359511829,79.3803187931549,1.27393778491238,0.375595550479013,0.0967287171096636,0.0123483468650634,0.455859805101925
896,0.569461090289372,0.079669130636591,2.96646275987724,2.31109756351015,0.0997596070579922,0.0581931041171621,0.503647460633058,6.34027724857461,83.827166480772,2.39907999473491,0.385875702300706,0.244549592301884,0.00554220039211068,0.209218064802178
901,1.80252557255363,0.46392685797049,12.7195166108446,8.05648592378021,1.01837602969132,1.75839594460034,2.13180048882049,11.038064632932,51.8839956549289,6.06386349235086,1.60111342445913,0.502398841314384,0.125599710328596,0.833936815425002
909,1.74608768773225,0.00123660601114182,2.1955939727823,1.91241119623083,0.082852602746502,0.324609077924728,0.0129843631169891,2.65870292395491,89.8697235567262,0.863769298782561,0.0927454508356365,0.00123660601114182,0.0432812103899637,0.194765446754837
935,7.26366323670346,0.185370989440153,26.9264860049402,10.8648996432058,0.244311765208745,0.308201766423555,0.829220227034469,8.06543775899072,40.518858798598,1.82176489379412,0.643399308008297,0.0994344385103731,0.483224375385252,1.74572679375678
1066,2.6647559272226,0.109565185843598,8.8131042864658,4.14025794982495,0.140040270647777,0.271373374208645,0.687140602608522,11.7035209606908,68.9857964336895,1.25818564405827,0.448419104975783,0.267019790665191,0.285522520724872,0.225297948373755
1069,5.68986925717625,0.246619720125286,14.5222065160883,5.5858936957297,0.47906095459877,0.205373216410953,1.41870786734093,4.82240372593417,59.6574821587389,4.76783803872875,0.780246361929477,0.622564415438223,0.495817346732718,0.705916725027605
1081,7.22777137490929,0.115251632731464,12.6520681265207,8.73386832856675,0.226234686472873,0.82917146881803,0.931973079495169,5.41824959804215,55.6060670736045,4.79894992956845,1.96070061609823,0.446777934292341,0.347177757857742,0.705738393022296
1095,12.4297534371565,0.109214828332262,18.278967850749,5.53574020695519,0.252645694654695,0.488010562041626,2.02773227159931,11.1281615273486,44.2568898658317,1.88464702182223,1.50135827302325,0.17280827267763,0.98708085353462,0.94698933427341
1109,3.63132097134142,0.107677727694236,11.0773886962163,5.38881170664103,0.162365784977428,0.324052215205997,0.660502654578681,5.78521520260057,70.4001739148157,1.10089437052687,0.428333169155936,0.18223691138157,0.253059643950176,0.497967030914038
1117,0.285262236463183,0.014498715957468,2.73608893512368,1.37049112587966,0.0608946070213657,0.125413893032098,0.201894619707742,3.20765967164033,91.1101123106785,0.366636279774472,0.207331638191793,0.0770244285240488,0.0737622174336185,0.162929320572047
1118,8.60351700932348,0.0877884522124928,19.2450690494724,8.10588331845323,0.243469956702636,4.46701467037053,2.11289147308028,8.03028079870083,44.4575146169016,2.98256914273209,0.0320813323949336,0.498379768367806,0.167618744451049,0.965921666836607
1119,7.21497409238974,0.308190855541866,15.0446421036642,7.07691269050954,0.199834596364496,6.23504194163615,1.63513308241489,5.55047342571183,48.2603925804655,3.40191395635369,3.43904538473223,0.501274283110263,0.630896723995342,0.501274283110263
1123,8.02534274857875,0.0377471814742673,8.45974815747874,5.89127143351699,0.13326214896164,0.496344154192023,1.41353809962753,6.38386172435798,55.817654002244,3.59077884322615,0.729500777883906,0.0604789095444061,8.56819309873078,0.392278720182855
1138,1.82056186722312,0.0318803616971945,10.6424858953551,5.22982842568978,0.0944334956333565,0.808601901228843,0.605243836463405,5.21726949532421,72.060244222892,1.91499536285648,0.414444702063529,0.25166164309452,0.395847824406832,0.512500966071567
1140,7.94578814370694,0.0825969582345832,10.7060176102208,7.6483606171425,0.172453031563417,0.460855712335002,1.89639477029806,5.24853640544316,61.4142718126599,2.93935303627203,0.456147097138731,0.147340417183306,0.262309104892251,0.619575282909296
1143,3.2706370777726,0.00316571619806529,8.00383503905137,3.83142109000131,0.139969880471601,0.187229500857005,0.681759595511919,3.82215006399269,76.3722249105685,1.84267294985958,0.314762639121921,0.0158285809903265,1.24028238188487,0.274060573718224
1144,1.31868064608925,0.00703867599444251,3.57381122883042,3.06366023392887,0.0939510230562543,0.358666446325505,0.499439966214355,6.94778526529688,80.9386533482676,1.75630267530894,0.942264495082108,0.0244823512850174,0.321636890006916,0.153626754313484
1149,2.47306655004009,0.0058313288140535,2.89700415482178,1.94708069101246,0.0965084918725855,0.250455572563598,0.144616954588527,3.86442160507326,85.9902325242365,1.406224943509,0.574094321743567,0.011662657628107,0.198265179677819,0.140535024418689
1150,7.86003248191348,0.137605197106157,15.5296028347852,2.97150450317437,0.176878783404695,0.302377085486491,0.462129041783552,4.75653329396132,64.5784733500664,1.93769378414292,0.182489295733058,0.260150597962498,0.0894729071312565,0.75505684334859
1185,1.40711487652378,0.00398503221898549,2.3748799509044,1.19969394952558,0.108193624745456,1.02016824806029,0.0408465802446013,0.555911994548476,90.7011265686083,1.73169575076014,0.583607968470425,0.0153423740430941,0.129712798727978,0.127720282618485
1187,2.79373295871337,0.159167347164745,18.5533764238557,6.69886921980319,0.256743851296176,1.59201948761955,1.01175070241242,7.96805580545598,56.7272425295152,2.08543826383026,1.0657291940596,0.175430097853317,0.22456436589113,0.687879752529377
1248,3.5361461467253,0.0813613746817866,8.70964475815783,8.87019787086323,0.131263017819949,0.59990453598704,0.518543161305253,5.21363688960889,69.7422471650081,0.897867970377227,0.683435547327008,0.538069891228882,0.0285668826660495,0.449114788243462
1254,7.76016765174616,0.0966256321449635,14.5220795843843,11.3723349521264,0.323758611602605,3.04872692592453,0.938648997979646,6.24301973923628,51.7317321085721,2.25250661948324,0.50885316668549,0.478108647366638,0.118586003087001,0.604851359660681
1272,1.61489524660078,0.00423931198792644,1.68526782560036,1.06152372177678,0.0514369854535075,0.468302664266274,0.044088844674435,6.33466259315888,87.5612933858254,0.703160548397399,0.304947842331509,0.00423931198792644,0.0828078941641631,0.0791338237746269
1276,0.311097094220758,0.00428293871893409,1.94815308001698,0.989942881171812,0.0502271904311362,0.237703098900842,0.0393251646011221,2.27501917588472,93.1225738125552,0.622778225539553,0.29104515385484,0.0278391016730716,0.043802782352735,0.036210300078261
1277,0.604022076414715,0.0118435701257787,3.30790913613,1.20607022447513,0.127515771687551,1.10500509273515,0.114093058878335,0.594152434643232,89.9661273894403,1.60717246606817,0.86813369021958,0.110934773511461,0.223448689706358,0.153571625964264
1282,2.5564242609675,0.0969969989519116,9.02983471450984,3.09999804704029,0.100251931802647,0.506467551574411,0.973875908939999,3.99901050041338,76.5234713207867,1.96923437469485,0.60411553709647,0.0781183884176469,0.117828569196617,0.344371895607794
1297,2.61968914355638,0.0964808038498194,5.90591945029474,2.86442093868763,0.215905213493193,1.30543233989481,0.314739207680813,8.9409466884729,73.2142226824017,2.33554141026697,0.957748467484792,0.64653904531068,0.337682813474368,0.244731795131249
1295,0.591508134993115,0.0179138449433782,8.75565515497232,3.24416219405963,0.164737123106752,0.528985303622109,0.134880714867789,6.34220361367915,77.9203079776323,1.214980189395,0.713041279118779,0.100809284289207,0.0407452159496445,0.230069969370838
1524,3.09580049750204,0.108697924287715,9.70233491502749,3.72708459624992,0.227847572064633,0.40343652668325,1.2489809569598,2.75089362235833,74.2218691862288,2.90139844060286,0.426430318359497,0.376262045611321,0.482869625201196,0.326093772863145
1527,1.92038344665817,0.00266551645592932,2.24799965105966,1.39624598355134,0.0511294520182806,0.20839492291811,0.103955141781243,7.16442359418239,86.0765536326143,0.468403937210125,0.243046636845192,0.00363479516717635,0.0365902713495752,0.076573018188515
1529,1.71564511614889,0.0139938427092079,6.42597257206829,2.6112510495382,0.0895605933389309,2.52728799328296,0.095158130422614,6.28323537643437,77.7134061013154,1.57850545759866,0.657710607332774,0.0867618247970893,0.0335852225020991,0.167926112510495
1546,1.91378553052645,0.215013281462425,11.4283323921273,3.67823304260526,0.679759887891908,0.229654263663174,1.12777394323482,6.07517098575642,71.8566856999435,2.06396017652841,0.0773880487753864,0.130095584698082,0.107506640731212,0.416640522055594
1559,1.12532559149121,0.0976774473627089,10.2832645973519,6.19030822661168,1.7330963750814,2.06072281311048,0.636260039070979,5.18707944432385,67.7671206859127,1.89589212068591,1.62524419361841,0.244193618406772,0.51755480790102,0.636260039070979
1569,8.08133682303201,0.0161063015904973,6.19689953694383,4.51781759613449,0.265753976243205,1.32876988121603,0.450976444533924,15.3855445943225,58.4014495671431,3.50714717133078,1.42540769075901,0.0483189047714918,0.153009865109724,0.221461646869338
2063,0.746419205164414,0.0694433668006393,3.88223336074859,1.94092270448938,0.392995142843842,0.62925777067395,0.446920438851042,8.76926180537236,81.412066851849,0.85853726664701,0.422479477351376,0.0461662606104809,0.1175493862603,0.265746962337642
2412,2.89522638848494,0.0120725891862526,2.75309908851952,1.9711245616827,0.121823399970367,0.333642464783709,0.108653302676274,2.6647496858383,88.1128896839725,0.482354813396184,0.260658175612272,0.0142676054019349,0.203038999950612,0.0663992405243894
2094,4.87015653487952,0.0673444917133424,8.44598479000016,7.62963814654818,1.84786715067098,0.596245133949837,0.489479476355513,7.48509387165125,65.9631083589297,1.40602158308832,0.381071270182816,0.405709498858429,0.0443488116161035,0.367930881555822
2425,3.67497691597415,0.110803324099723,14.0627885503232,3.97968605724838,4.22899353647276,1.0803324099723,0.812557710064635,6.08494921514312,62.927054478301,1.9482917820868,0.507848568790397,0.25854108956602,0.184672206832872,0.138504155124654
24811,4.65212447017471,0.289465522588649,10.3794065956787,5.71694407112581,3.08074020469348,4.39367311072056,1.45766566732141,7.35035666287605,54.6469554429856,5.13801302594852,1.78848340742272,0.537578827664633,0.175746924428822,0.392846066370309
24883,1.89377909437156,0.0105797714769361,1.61870503597122,0.846381718154888,0.338552687261955,0.454930173508252,0.0846381718154888,6.58061785865425,86.0135421074905,1.21667371984765,0.391451544646636,0.0105797714769361,0.497249259415997,0.0423190859077444
24888,7.62464896942722,0.0582843215175118,3.5977322100355,2.58570444550416,0.906056270863138,0.439781698723044,0.423885974672813,13.2305409844752,55.5343612568219,2.59630159487098,0.381497377205532,0.0688814708843321,12.4728448047475,0.0794786202511524
24935,16.2100896530619,0.0181346269367215,6.00709517278899,8.56747781341736,0.163211642430493,3.05228439628694,0.131476045291231,4.05535594872434,53.4370785116005,7.54853846241032,0.299221344455904,0.0204014553038117,0.0600709517278899,0.42956397556359
24941,3.65565531165428,0.00859143433996306,3.73297822071395,2.092014261781,0.14175866660939,0.721680484556897,0.081618626229649,5.28802783624726,81.1418016237811,2.5344731302891,0.352248807938485,NA,0.0687314747197044,0.180420121139224
24977,5.29157796780081,0.0974522623702467,9.97328050675176,6.82245715495309,9.54712655614089,1.04801121499806,0.76364231824554,6.91671426118005,52.8814317494678,4.1936424380639,1.06358760119659,0.985705670203971,0.0690952515985766,0.346275047028704
24988,5.30760596504356,0.053450211128334,8.04425677481426,6.17349938532257,0.149660591159335,1.15452456037201,0.400876583462505,10.4869314233791,65.1130471965364,1.80661713613769,0.999518948099845,0.026725105564167,0.0427601689026672,0.240525950077503
1986,9.68810601163542,0.0838316095669037,13.7483839689722,7.28021978021978,3.26539269553975,0.565610859728507,0.516119909502262,6.52876535229476,55.2824014221073,1.63825145442793,0.37673723335488,0.414107950872657,0.045450872656755,0.566620879120879
2015,1.82648401826484,0.0345551030482537,3.17906948043934,1.49327409601382,0.626928298161175,0.348019252128841,0.133283968900407,1.93755399234851,89.0485005553499,1.00950265333827,0.167839071948661,0.103665309144761,0.00987288658521535,0.0814513143280267
1786,2.7715514409001,0.0219037258237626,2.74088622474683,3.68347655936275,0.225608375984755,0.61549469564773,0.324905266385812,2.81316851996525,84.5958397523419,1.69096763359447,0.0905354000715522,0.20735527113162,0.0408869548710236,0.177420179172477
1823,12.6515276826012,0.0248115503674472,6.3092228077223,2.97974904889057,0.164228833384532,0.591932701623384,0.458422930598549,6.19934308466646,67.3739927692053,2.56976771662846,0.349724709941161,0.0602566223209433,0.0106335215860488,0.256386020463622
25153,6.56660412757974,0.0945713021858174,7.06691682301438,6.27526350310407,0.149483671196937,0.492685977516436,0.344727649903141,6.33322655928248,68.9867142573865,2.14768376576824,1.02503088820757,0.0671151176802575,0.042709620341982,0.407266736832471
25157,8.90595707991552,0.190632885359236,19.1642738680019,8.7295623353715,2.12622902840509,0.494379889417106,2.30710615061316,7.78061661696501,45.7808961063958,2.83681772279395,0.0727727197221981,0.295836925827196,0.0371773676841664,1.27774130352816
27412,14.4613386479163,0.20825402512484,21.4188145195602,9.24379156683163,2.78119891618335,1.0636630315516,2.66251651476812,7.97411380074792,32.0554448350762,7.06944040128087,0.335893588911033,0.156750341491815,0.0335893588911033,0.535190451664913
27419,12.9313214246089,0.133141018528792,9.24220570287363,4.7875291245978,4.69322090313991,0.443803395095972,1.28148230333962,13.1532231221569,49.0125374459115,1.75857095306779,1.07622323310773,1.12060357261733,0.149783645844891,0.216354155109287
27426,2.49503534831996,0.0563984430852331,8.46135515132258,9.44475335610454,0.333624592898562,0.312971641909604,0.671220907141155,11.5799507506553,62.9438398601954,1.87306378584479,1.50448804511875,0.0643418857732941,0.0929382794503138,0.166017952180475
27439,3.66203261305139,0.00616503806911008,2.68179156006288,4.17989581085663,0.268179156006288,0.502450602632471,0.638081440152893,12.7215560556086,72.9848031811596,1.74470577355815,0.314416941524614,0.0369902284146605,0.197281218211522,0.0616503806911008
27462,4.57005411906194,0.0213372645626831,5.50016487886253,2.41693014955483,0.458751188097686,2.94842201229802,0.425775415591721,8.34771982231878,72.2314899229919,2.26950904893993,0.55476887862976,0.0601322910402886,0.0872888095746125,0.107656198475355
27478,6.71798795065506,0.0430333747728794,6.22071339772401,4.65238596155685,5.19747537534666,1.22884192407,0.415989289471168,10.1510949603137,61.021325427943,3.10318446973319,0.14822606866214,0.019125944343502,0.726785885053075,0.353829970354786
27638,8.33318334803189,0.010798941703713,6.08160400280773,4.78213135112759,0.404960313889239,0.509350083691798,0.142186065765555,7.01391263656162,70.2939111967027,1.65403790428538,0.311369485790393,0.0161984125555696,0.0953906517161318,0.350965605370674
27669,13.2911205136551,0.0473414800130189,12.5602864159541,7.36160014202444,5.2549042814451,0.754504837707489,0.571056602657041,4.40275764121076,52.4484421694233,1.57114536793206,0.926117702754682,0.177530550048821,0.0532591650146463,0.579933130159482
28598,14.3401619818961,0.139749086866762,12.7743369858663,6.75242178815309,1.89931713514372,1.84214705415277,1.58805780530411,9.94124186120375,44.1956487216135,5.43433380975068,0.53676353819279,0.139749086866762,0.0921073527076386,0.323963792282039
28597,8.32379993593557,0.0320322152564865,6.36525877453897,19.0683201391113,1.96311719214753,1.03875898046035,0.462179105843591,11.4126206928111,47.0049878735185,3.30389420216904,0.448451013590811,0.256257722051892,0.169313137784286,0.151009014780579
28605,2.38597630254829,0.054103771032841,5.50776389114321,4.799004490613,1.37964616133745,1.40669804685387,0.578910350051399,5.13985824811989,55.7972190661689,3.8792403830547,1.01715089541741,0.0811556565492615,17.8867067034572,0.0865660336525456
29243,0.879508602867053,0.0209305107044612,1.88844464947802,1.10419122798025,0.255864814530046,0.249884668614486,0.138397662617254,1.00979035317033,91.5457822885164,2.12081603362551,0.30541459497326,0.0580928460368719,0.397679703384763,0.02520204350129
29251,12.0237506185057,0.148441365660564,13.079333663203,4.68414976084447,7.73544449942273,0.940128649183573,1.03908955962395,4.83259112650503,39.4029358403431,3.61207323107373,0.313376216394524,0.445324096981692,11.3310242454231,0.4123371268349
29252,1.49898127486174,0.528766857475502,30.5714562918405,9.69244202968856,14.0050451149704,0.853788687299893,4.25439022023867,16.99330552052,16.7070922673911,2.97370718928883,0.261957892694285,0.349277190259047,0.257106820607354,1.05268264286407
38019,11.0364156267162,0.104152858522544,32.0961236199746,13.0815990304316,1.54146230613366,0.681727801238472,1.54335599447043,3.96159600053023,28.4678167667165,5.02016778078664,0.329501770598595,0.314352263904407,0.0738538451341678,1.74787433484197
38027,11.3328946406376,0.0877385391533231,20.5527527966659,4.97185055202164,12.1956569423119,0.709219858156028,0.75308912773269,4.85486583315055,39.592015792937,3.23901440374351,0.314396431966074,0.160853988447759,0.431381150837172,0.804269942238795
42975,7.87204384907978,0.0850520944078248,6.19226498452524,4.48886053819075,1.69631677180051,1.00881234200392,0.406360006615163,6.76636662177806,68.0393129680818,2.60117655397264,0.193729770595601,0.0850520944078248,0.311857679495358,0.252793725045479
42976,11.496372802164,0.0942661584491168,13.0046313373499,6.09861059879503,9.20119677035944,0.692651338169597,0.684454280913152,4.47969179064716,49.2192302963236,3.3935817041682,0.528710193040698,0.196729374154678,0.405754334194024,0.504119021271364
38046,3.9666331790708,0.127637148174377,4.42365651608228,2.77549037368863,1.84950345032033,0.806172697178807,1.56952518980879,7.58123486882195,74.4243976350072,1.83385760635057,0.205866368023189,0.0975806584429915,0.163869628946458,0.174574680083664
42979,4.82335023681612,0.358989807701963,7.2818864956235,7.68606383156767,11.151277802882,2.52464393901357,3.0551789928202,9.84837073856504,49.9824270723503,2.20582082308246,0.371541898880353,0.2594098843534,0.277819618081706,0.173218858261786
42956,1.53476661547802,0.0669618942180636,4.32395271597443,2.64097710796043,0.900860683547016,0.370522481339952,0.275883004178422,3.91057462233492,82.8720402842756,1.99903574872326,0.612478125781222,0.23124174136638,0.130352487411164,0.130352487411164
42960,6.07223476297968,0.112866817155756,9.39051918735892,4.5372460496614,3.5665914221219,0.496613995485327,1.06094808126411,4.23250564334086,35.5079006772009,6.37697516930023,0.90293453724605,0.993227990970655,26.5124153498871,0.237020316027088
42961,9.23055142634671,0.113258299709776,14.1643661074538,6.49819494584837,2.902243930063,2.51999716854251,1.36617824024917,5.93898209103136,50.7892687761025,4.03482692716076,0.828201316627734,0.707864373186098,0.460111842570963,0.445954555107241
43641,4.38833204831663,0.448149575944487,20.773901310717,12.5160627088152,3.67675404780262,1.76047288614752,1.12438961706502,7.77595733744539,39.5303263942431,4.977833461835,1.58378308918016,0.67142122847597,0.120470316114109,0.652145977897713
43594,4.65024370965617,0.0395204847846134,4.70293768936899,3.20115926755368,0.144908444210249,0.908971150046107,0.171255434066658,1.08022658411276,82.2026083519958,2.04189171387169,0.35568436306152,0.0658674746410223,0.184428928994862,0.250296403635885
43603,8.65104496516783,0.0633312222925903,10.2469917669411,5.75047498416719,1.31728942368588,0.58264724509183,0.126662444585181,4.93983533882204,55.6048131728942,3.3692210259658,0.39265357821406,0.0633312222925903,8.58771374287524,0.303989867004433
43634,0.512805079900087,0.0206646804498079,2.19627433868007,1.22904691684974,0.308967066919458,0.0838624895924243,0.108940985283939,8.69441351429976,85.3611804949492,0.667489241325348,0.434961429273626,0.189994683358913,0.134019480975453,0.057379598142185
48819,3.53274443084866,0.0583315174575504,11.5704252501718,7.46408756432391,0.668801019125362,0.884024204227359,0.949060493806467,13.0387703447929,58.5829464121088,1.760673159121,0.461958799175313,0.332556697229253,0.176670745403041,0.518949362208552
48781,0.649041270754488,0.00314632194964087,0.776242572432826,0.57487796765581,0.0716911929953884,0.0231479400580721,0.047194829244613,2.59571560845372,94.7339560054296,0.32968959286594,0.0209005672369001,0.0152821351839699,0.137314479373612,0.0217995163653689
48782,8.83925190624327,0.268024857263771,35.2686559407227,15.7949053003586,1.35385963218971,1.95116156479,0.478880977659646,4.55456644566371,23.0894876344765,5.38425558137636,0.779573684562214,0.243523970034672,0.107284188018324,1.88656831664056
48784,1.15447221196329,0.0991697101508748,4.94822657201089,3.26097364137497,1.04504356627956,0.533464647708154,0.308451995020997,4.77450859698798,80.6058243396665,1.97997455783988,0.65999151927996,0.30298056273681,0.102589355328491,0.224328723651634
